575 29 15 47 51.26
417 42 43 55 67.93
461 44 44 22 72.36
521 65 40 37 56.06
338 69 23 34 57.69
364 80 18 36 41.94
631 93 48 39 50.55
704 95 31 41 22.14
740 98 55 32 51.44
869 98 16 48 62.06
738 135 55 33 35.14
623 136 25 36 64.9
850 138 36 9 35.97
662 150 15 51 66.11
515 170 41 39 60.21
558 173 48 36 40.19
321 191 51 13 40.24
373 191 35 17 44.46
421 192 38 19 21.06
646 192 30 11 83.92
491 200 28 30 61.82
356 207 19 61 40.03
545 212 17 58 88.77
185 228 29 39 52.25
566 242 35 28 109.9
500 257 36 44 61.82
82 269 34 14 51.0
249 270 32 18 52.45
282 270 27 23 21.32
375 271 45 23 52.17
607 271 38 21 10.72
314 272 27 24 68.28
142 283 9 59 48.36
153 284 25 53 37.91
810 291 18 44 15.3
420 292 79 15 69.28
607 293 37 23 10.72
696 295 66 29 73.61
83 299 40 54 60.36
927 300 67 89 32.7
419 306 82 12 69.28
646 319 15 40 45.13
245 331 30 27 50.41
474 332 170 59 3.41
460 335 9 45 51.18
781 344 49 62 15.44
192 355 40 39 44.48
457 383 11 63 42.55
474 395 171 51 15.88
260 398 9 47 48.8
928 402 65 85 32.17
833 404 63 83 16.2
703 436 52 9 13.41
650 437 50 11 12.37
757 437 49 11 64.55
259 448 12 40 56.56
474 473 84 38 77.03
403 475 49 38 51.86
559 475 87 34 50.17
247 490 24 29 37.15
649 490 7 47 46.37
192 497 38 26 44.61
328 499 36 13 48.58
809 502 24 69 57.53
71 504 91 36 54.78
262 513 101 97 39.95
539 526 71 10 22.51
630 526 28 24 42.13
411 527 54 31 50.73
864 546 54 91 65.27
922 547 36 90 59.19
960 577 39 61 43.77
689 578 87 11 25.31
71 583 63 41 52.8
803 589 26 36 88.66
659 591 25 39 33.79
473 593 53 35 48.45
561 595 56 37 28.75
332 615 47 28 57.27
260 625 50 43 8.74
134 626 30 32 57.27
503 630 44 37 23.01
550 633 47 33 47.28
191 640 37 36 76.67