578 30 11 44 43.71
415 42 44 53 62.87
463 42 41 22 67.07
564 53 26 22 44.65
336 67 23 34 60.85
517 67 41 35 66.3
364 83 28 29 31.51
631 94 46 37 59.32
703 97 31 37 14.65
869 97 14 50 69.3
737 98 56 34 47.66
624 137 21 36 77.03
739 137 54 25 19.66
850 138 33 10 45.48
664 151 12 55 79.49
514 173 40 34 61.34
558 174 51 32 47.47
371 192 36 15 43.36
421 194 31 12 21.72
326 195 43 9 52.61
490 200 32 30 65.34
357 209 13 59 79.17
184 227 31 40 35.9
566 243 35 25 91.41
501 258 34 42 65.34
314 268 26 19 66.49
246 269 50 16 37.69
284 270 26 18 49.83
372 270 47 19 61.94
607 270 37 46 15.93
82 271 32 10 41.05
143 283 8 58 54.2
154 287 22 53 45.83
421 289 76 30 46.51
810 291 17 44 10.54
696 292 65 29 59.08
83 296 39 55 56.41
919 300 73 78 49.4
646 322 11 43 38.69
474 331 171 59 3.78
245 333 28 22 50.75
457 337 12 56 49.51
779 343 50 63 15.59
191 355 40 41 52.47
476 392 168 56 30.91
456 396 13 50 50.7
261 404 7 45 50.7
833 409 66 72 14.28
919 409 74 76 5.35
649 431 57 15 9.52
705 433 47 11 13.12
754 437 52 8 54.11
261 453 6 35 61.27
473 474 83 35 79.58
559 474 86 33 48.97
406 475 49 35 46.48
648 480 10 55 62.19
248 490 25 27 30.91
192 497 36 27 34.67
329 499 34 10 50.09
807 501 22 72 14.59
74 506 88 34 51.59
262 512 101 97 39.3
411 526 57 29 32.87
633 526 23 23 41.89
537 527 72 9 24.48
865 546 50 90 57.87
918 546 44 90 47.74
963 577 37 58 42.33
701 578 72 11 13.86
74 584 57 37 37.73
803 589 27 33 34.44
471 594 57 36 27.59
662 594 23 34 48.08
561 595 53 37 27.29
328 618 51 25 53.42
133 626 40 33 53.42
257 626 52 43 26.9
503 634 50 30 10.93
556 634 40 32 23.99
194 640 34 35 77.8